//Connor Comstock
//-----Output-----

-------D0-------
 0  4 -1 -1 -1 10 -1
 3  0 -1 18 -1 -1 -1
-1  6  0 -1 -1 -1 -1
-1  5 15  0  2 19  5
-1 -1 12  1  0 -1 -1
-1 -1 -1 -1 -1  0 10
-1 -1 -1  8 -1 -1  0
-------D1-------
 0  4 -1 -1 -1 10 -1
 3  0 -1 18 -1 13 -1
-1  6  0 -1 -1 -1 -1
-1  5 15  0  2 19  5
-1 -1 12  1  0 -1 -1
-1 -1 -1 -1 -1  0 10
-1 -1 -1  8 -1 -1  0
-------D2-------
 0  4 -1 22 -1 10 -1
 3  0 -1 18 -1 13 -1
 9  6  0 24 -1 19 -1
 8  5 15  0  2 18  5
-1 -1 12  1  0 -1 -1
-1 -1 -1 -1 -1  0 10
-1 -1 -1  8 -1 -1  0
-------D3-------
 0  4 -1 22 -1 10 -1
 3  0 -1 18 -1 13 -1
 9  6  0 24 -1 19 -1
 8  5 15  0  2 18  5
21 18 12  1  0 31 -1
-1 -1 -1 -1 -1  0 10
-1 -1 -1  8 -1 -1  0
-------D4-------
 0  4 37 22 24 10 27
 3  0 33 18 20 13 23
 9  6  0 24 26 19 29
 8  5 15  0  2 18  5
 9  6 12  1  0 19  6
-1 -1 -1 -1 -1  0 10
16 13 23  8 10 26  0
-------D5-------
 0  4 36 22 24 10 27
 3  0 32 18 20 13 23
 9  6  0 24 26 19 29
 8  5 14  0  2 18  5
 9  6 12  1  0 19  6
-1 -1 -1 -1 -1  0 10
16 13 22  8 10 26  0
-------D6-------
 0  4 36 22 24 10 20
 3  0 32 18 20 13 23
 9  6  0 24 26 19 29
 8  5 14  0  2 18  5
 9  6 12  1  0 19  6
-1 -1 -1 -1 -1  0 10
16 13 22  8 10 26  0
-------D7-------
 0  4 36 22 24 10 20
 3  0 32 18 20 13 23
 9  6  0 24 26 19 29
 8  5 14  0  2 18  5
 9  6 12  1  0 19  6
26 23 32 18 20  0 10
16 13 22  8 10 26  0
-------P-------
0, 0, 5, 2, 4, 0, 6,
0, 0, 5, 0, 4, 1, 6,
2, 0, 0, 2, 4, 2, 6,
2, 0, 5, 0, 0, 2, 0,
4, 4, 0, 0, 0, 4, 4,
7, 7, 7, 7, 7, 0, 0,
4, 4, 5, 0, 4, 4, 0,
